2533274837721708
2533274840329632
2533274842808558
2533274843961083
2533274848248817
2533274851729500
2533274851992253
2533274855296814
2533274859969058
2533274872340566
2533274874806938
2533274875864266
2533274878491489
2533274881602938
2533274904613850
2533274912894733
2533274964105652
2533274973733600
2533274993970111
2533275033710367
2535442065404344
2535453848635480
2554720502915620
2564773180655843
2572815322851994
2635141924833678
2674012278768037
2674682457271932
2533274816108248
2533274792289445
2533274808312076
2533274810174087
2533274810873517
2533274813845014
2533274816195231
2533274825443896
2533274843372985
2533274857489340
2533274924423915
2556060859948295
2669991207663235
2715563346743364
2533274827701107
2533274830591777
2533274833671201
2533274840689186
2533274847133547
2533274874036805
2533274876073797
2533274897560873
2533274906660328
2533274933899021
2535424871736847
2535452833217173
2533274826802377
2533274792199480
2533274792502013
2533274793132089
2533274793255841
2533274793853959
2533274794729453
2533274795983463
2533274799091817
2533274799907011
2533274803200799
2533274804762080
2533274805878482
2533274806498326
2533274807429447
2533274811489019
2533274812987996
2533274813166685
2533274813401692
2533274819307561
2533274820975078
2533274821311848
2533274832318924
2533274835848282
2533274844258911
2533274853317997
2533274853676917
2533274853714208
2533274858267567
2533274860978662
2533274872016572
2533274872703083
2533274881193154
2533274881333790
2533274893243379
2533274894456576
2533274896541764
2533274897271881
2533274904446070
2533274909986405
2533274911280687
2533274917877493
2533274933897473
2533275010873442
2535405269368476
2535412112575547
2535424867918733
2535437945540356
2536625682980690
2594931213868290
2684735135024299
2533274993979931
2533274827440963
2533274834254277
2533274822291500
2533274830749498
2533274957559736
2535442517468597
2546678360733663
2672671921726689
2533274794488226
2533274795710602
2533274807236615
2533274816888256
2533274824708351
2533274829753055
2533274848688483
2533274853209224
2533274853580156
2533274855625515
2533274860121684
2533275027772197
2535424575531391
2594261035359077
2781240841323076
2533274792074866
2533274807265751
2533274808475169
2533274813396516
2533274817190377
2533274819325927
2533274819917862
2533274820036442
2533274820649702
2533274830095880
2533274850044412
2533274852992738
2533274866927637
2533274873285246
2533274904806947
2533274925886955
2533274931293613
2533274934819771
2533274957447785
2533274957914127
2533274957991578
2533274979023567
2533274980261748
2533274983874449
2533274993452879
2535431651787697
2653236744767417