2541987111112175
2533274792916711
2533274794684038
2533274798776441
2533274799681565
2533274801392686
2533274808468919
2533274815715877
2533274825637119
2533274831931119
2533274856684292
2533274874449837
2533274883491341
2533274886846739
2533274903409873
2533274909991710
2533274980877042
2596941749418453
2619057640462807
2650556030711758
2739689773329748
2751082808091706
2812739231578027
2533274795682709
2533274797430392
2533274806481156
2533274807645915
2533274809745955
2533274815120146
2533274817634250
2533274827287475
2533274827857047
2533274832977343
2533274833546126
2533274836667119
2533274893854950
2533274901108307
2533274927771494
2533274935981061
2533274947866290
2533274961550937
2533274982416655
2533275028516649
2535408011184255
2535412208800214
2535419166180141
2535424674388441
2535444925866935
2535446608442586
2734998523716955
2533274795695012
2533274796648773
2533274812760499
2533274816187648
2533274819281372
2533274822627156
2533274824003804
2533274840329632
2533274843961083
2533274872340566
2533274874806938
2533275033710367
2535442065404344
2572815322851994
2674012278768037
2674682457271932
2533274792289445
2533274808312076
2669991207663235
2715563346743364
2533274833671201
2533274840689186
2535424871736847
2533274792199480
2533274793132089
2533274793255841
2533274793853959
2533274795983463
2533274799091817
2533274799907011
2533274804762080
2533274806498326
2533274812987996
2533274813166685
2533274819307561
2533274821311848
2533274853317997
2533274860978662
2533274881193154
2533274904446070
2533274909986405
2535437945540356
2536625682980690
2594931213868290
2684735135024299
2533274827440963
2533274834254277
2533274822291500
2533274830749498
2533274795710602
2533274807236615
2533274848688483
2533274855625515
2533274808475169
2533274957991578
2535431651787697
2653236744767417
